# Frame list with one line of data per frame:
#   FRAME_ID, RIG_ID, RIG_FROM_WORLD[QW, QX, QY, QZ, TX, TY, TZ], NUM_DATA_IDS, DATA_IDS[] as (SENSOR_TYPE, SENSOR_ID, DATA_ID)
# Number of frames: 100
1 1 0.84704317327674394 -0.14298648441858394 -0.46507568165158825 -0.21395639325616911 0.63334074948969121 -2.4979220558371749 3.5274746356593858 1 CAMERA 1 1
2 1 0.92593112371764452 -0.1422505274463319 -0.31863060856602782 -0.14453676645429464 0.55929737640651223 -2.4092721069550986 3.271384199018355 1 CAMERA 1 2
3 1 0.85421170437641647 -0.16411317309889151 0.44425195511411675 0.21454470606154805 -0.39338031515229133 -2.4723969119800175 3.3376196280703363 1 CAMERA 1 3
4 1 0.78560314025996369 0.11152449390422266 -0.44527907740506906 -0.41486930050123177 0.6337284572890558 -1.6373467808492166 2.3188058259765887 1 CAMERA 1 4
5 1 0.89313160091761368 0.18208024364682096 -0.28968136171694586 -0.29197163730347336 0.59491931667458342 -1.1524567631699845 2.0065738891824871 1 CAMERA 1 5
6 1 0.25636731250359623 -0.037702236108181797 0.88892296917814673 0.37771721874920416 -0.50301688160255509 -2.6707755953048347 4.3262667691948442 1 CAMERA 1 6
7 1 0.95316507819530794 0.21875049522355347 0.12650454433500416 0.16619613356205312 -0.039301511246031665 -0.73347586779524077 1.7829267387853609 1 CAMERA 1 7
8 1 0.57714933511303157 -0.066434787460932399 -0.7095771310285689 -0.3987296817580448 0.49960801250590559 -2.5677072069137767 3.6579981990843877 1 CAMERA 1 8
9 1 0.95293184477690562 0.01764197678217647 0.23436619309538601 0.19152584003020834 -0.16039168954848809 -1.7449288874672968 2.3205087174462942 1 CAMERA 1 9
10 1 -0.089826868722107725 0.035309673755715157 0.89995105655089269 0.42517344273575969 -0.11608050158804525 -2.7145718577057254 4.3023937782783248 1 CAMERA 1 10
11 1 -0.27428098131176093 -0.083069526369651064 0.5435588735639818 0.78893164979561747 0.13795813247199629 -1.2421108971433783 1.9796066437091602 1 CAMERA 1 11
12 1 0.062288181628165157 0.0098845155270553021 0.89275385973063492 0.44610875884508916 -0.30309745647743419 -2.6889524341819202 4.1362094577869293 1 CAMERA 1 12
13 1 0.88447447345286823 -0.10858880981381266 0.39326398889621039 0.22639967144616763 -0.34688784830771191 -2.2925416036598323 2.9787659968260107 1 CAMERA 1 13
14 1 0.25755490242038048 0.0031816470398816667 0.81817170574312781 0.51405292459310326 -0.49981251136090232 -2.5170111544726459 3.50050695196119 1 CAMERA 1 14
15 1 0.66967163910355698 0.17325204980815012 0.46598421060605927 0.55170856299633175 -0.60704318294534165 -1.0528530303212988 1.9671029848232253 1 CAMERA 1 15
16 1 -0.46234751755584197 0.0089382248037579437 0.72106317907072659 0.51596780222774119 0.36553809625694689 -2.4285509167884625 3.2357001357823241 1 CAMERA 1 16
17 1 0.99978778118966094 0.010554351337739028 -0.012440739276836223 0.01257880192785679 0.22804391497050444 -1.768066255125003 2.3404994708230182 1 CAMERA 1 17
18 1 0.77514990601354228 0.0053592561748237099 0.50924779933005249 0.37387241200434679 -0.53513139064528004 -1.983083675409018 2.617553081347356 1 CAMERA 1 18
19 1 0.91535104752266616 -0.070348903190104367 0.35866465291557775 0.16894720586045581 0.2143987955690877 -2.1379900569452563 2.5130707354307993 1 CAMERA 1 19
20 1 0.77154803219994961 -0.1841801354365685 -0.56651105624639764 -0.22328576951866838 0.63361273282352026 -2.6144070976837464 3.9938075713608501 1 CAMERA 1 20
21 1 0.88876240987594712 0.037838309748370692 -0.367617409798358 -0.27115877474282774 0.61633680160072368 -1.8782711446279381 2.5290752149123592 1 CAMERA 1 21
22 1 0.20989370100784829 0.01317334567400043 0.81028765153026039 0.54699636106518712 -0.45747397515286958 -2.4756564331235116 3.370054547798552 1 CAMERA 1 22
23 1 0.70074477594426188 -0.037096700246093746 0.60150502922089755 0.38180137982941448 -0.59635189616176798 -2.2494770053374551 2.9925846130654525 1 CAMERA 1 23
24 1 0.74477795599592844 0.16921260431367877 0.42740331792314523 0.48373473581312759 -0.5517405948965195 -1.073424909323198 1.9615637068874114 1 CAMERA 1 24
25 1 -0.36954093714055458 -0.075216899927878236 0.60843849203084432 0.69827252212710811 0.25775225761992937 -1.7102329042017399 2.297428526099571 1 CAMERA 1 25
26 1 0.93861847304120094 0.30374569746467284 0.083372296190935877 0.1406519589815752 0.022758153211471396 -0.26050521052770931 1.6909911866508942 1 CAMERA 1 26
27 1 0.9517450198547841 -0.19118567784546942 0.21246454344582924 0.11175093532825828 -0.080236195068991767 -2.4517568149215303 3.2258323965071805 1 CAMERA 1 27
28 1 0.17248124569104872 0.044084670846760279 0.70889918616232273 0.68247249434654411 -0.42410233164046701 -2.0036314525367995 2.6070550060239084 1 CAMERA 1 28
29 1 0.98156460922326483 -0.03751720897137318 -0.16503327949368848 -0.088810999380347991 0.42609986694353846 -2.011138142204036 2.6175250674243848 1 CAMERA 1 29
30 1 0.99403522561478885 -0.10146411569394442 0.022926607044463289 0.032762389302833692 0.17935089152575559 -2.1769195122492335 2.7751153089871425 1 CAMERA 1 30
31 1 0.1911863537192022 0.038678503598398771 0.73449275268389647 0.6499785748513387 -0.44163371279666208 -2.1359301698147108 2.7744940992924829 1 CAMERA 1 31
32 1 -0.44079684040357242 -0.14493663673829274 0.50807430346548199 0.72563904179646044 0.36401826172875507 -1.1638262029543947 1.9654161397675476 1 CAMERA 1 32
33 1 0.9632034036386089 -0.11493415491134909 -0.22027915407888157 -0.10250091478667642 0.47731713231376738 -2.288074846979204 3.0107575134843358 1 CAMERA 1 33
34 1 0.84911511726448075 0.215697022109262 -0.32012927571448951 -0.36054896909662654 0.62485774023104212 -0.99962668734496551 1.9450095504851528 1 CAMERA 1 34
35 1 0.55591264161244747 -0.098152803857632531 -0.74203429280794231 -0.36154151945160135 0.48266852767576146 -2.6428288125629504 3.9843176999678867 1 CAMERA 1 35
36 1 0.99357716377438299 -0.1109390597268191 0.0040199583830591449 0.021926800669060484 0.20606530499226036 -2.2094059469690892 2.8234364741784219 1 CAMERA 1 36
37 1 0.8604423218245475 -0.19160108686446306 -0.43926261150423679 -0.17313691824684965 0.62127242570311458 -2.5648853272700163 3.7421589867853355 1 CAMERA 1 37
38 1 0.799501898144926 -0.19626419009380203 -0.53046528685707517 -0.20219708699465852 0.63839566994990848 -2.6096516653077777 3.9729830020026715 1 CAMERA 1 38
39 1 0.078508008932649989 0.030895094685842367 0.71566765317009318 0.69332661557435915 -0.32501542106752762 -2.0428198938879798 2.6335323750319821 1 CAMERA 1 39
40 1 0.85808178008719049 0.1817035515014585 0.31703292657295079 0.36079024588082398 -0.3799330298358487 -0.95732457913911517 1.8845580612586883 1 CAMERA 1 40
41 1 0.99777970170316277 0.030969640491525029 -0.0553917773087437 -0.020206415900688841 0.29014240163587662 -1.6959227992365302 2.2887463696279258 1 CAMERA 1 41
42 1 0.51345231156784721 0.060495190204235556 0.64479257876163543 0.56298275824549726 -0.63079461645191415 -1.9070461616227323 2.5644128417595846 1 CAMERA 1 42
43 1 0.69311154233306493 0.23542905616735979 -0.40063417275941043 -0.55105517783086755 0.61415189321760277 -0.86984739070221007 1.8943214462198485 1 CAMERA 1 43
44 1 0.47884760271087229 0.18189359070015063 0.49159256207268637 0.70424175391343324 -0.63416302274135794 -0.83136779584811549 1.8857426216636894 1 CAMERA 1 44
45 1 -0.052738668381139699 0.0041506742172740755 0.62393236558487308 0.77968571099936823 -0.16847611144739277 -1.586987041670374 2.1970864707180566 1 CAMERA 1 45
46 1 0.98096893262457652 0.073446967389528162 0.12704548266657484 0.12714142338631412 0.0010432633897872038 -1.4755768378971421 2.1141782848517461 1 CAMERA 1 46
47 1 0.74639355998114099 0.0085578206031738831 -0.53964498092861057 -0.38936706574100771 0.61976106460713309 -2.1664494197547151 2.8735910683099983 1 CAMERA 1 47
48 1 0.94958226032560888 -0.17306189974203193 -0.24277816297952221 -0.09696325754054963 0.4926014912880925 -2.4457870076553152 3.3195999419880429 1 CAMERA 1 48
49 1 0.85173932908711769 -0.0711970446135433 0.44154170122638925 0.27296890336195723 -0.42278796986366368 -2.2048841877217886 2.8662794906973867 1 CAMERA 1 49
50 1 0.91830172176503044 -0.20338910074526903 0.30707214099851032 0.14512588233668855 -0.20782180303311515 -2.5049380810645028 3.3621874147683188 1 CAMERA 1 50
51 1 0.994918862394502 -0.045727988593247955 0.064782069381002588 0.062037825538624025 0.11545012306744747 -1.9786708719974928 2.5358988487830505 1 CAMERA 1 51
52 1 0.34916163217883356 -0.051584030771237681 0.85232065893229103 0.38597245593543367 -0.57012213265964906 -2.6420540884329435 4.1099513031514281 1 CAMERA 1 52
53 1 0.92650772145770977 0.37070560289676402 -0.048186534987420912 -0.042881883192041545 0.29653640767900813 0.056762629517741435 1.6933808342096315 1 CAMERA 1 53
54 1 0.78173957046538955 0.18320632708805021 -0.39906102038631563 -0.44279677922465432 0.63745257839542369 -1.2276045451849338 2.0552640827952988 1 CAMERA 1 54
55 1 0.9861521372146439 0.14879796264145356 0.039024944174708483 0.061969204552775034 0.13885721264167666 -1.1201798515347683 1.9221781417418868 1 CAMERA 1 55
56 1 -0.3744188875428352 0.018322051086933078 0.76318408190291331 0.52633150791602901 0.25659039248008803 -2.5059874140018139 3.378681709123502 1 CAMERA 1 56
57 1 0.11601296296074869 0.026340669699065733 0.7701088764756322 0.6267212138728927 -0.3643185944094241 -2.3009937483196632 2.9952118389934093 1 CAMERA 1 57
58 1 0.96640903975145798 -0.20074399834688686 -0.15271892033564183 -0.049318823849378579 0.39813114872479 -2.4800288800192245 3.3602197961808069 1 CAMERA 1 58
59 1 0.85369102624770921 0.081311242611232321 -0.3953320697969101 -0.32910890009120342 0.63282712502155414 -1.72645887180026 2.3930523061212665 1 CAMERA 1 59
60 1 0.94190544496550999 0.31727841560518322 0.050243096288210137 0.098102859340403178 0.08931894952316366 -0.19677049424337104 1.6863707866796198 1 CAMERA 1 60
61 1 0.21691141299224073 -0.011567627485602826 0.8658827768541294 0.45062472818903965 -0.46453997315608064 -2.6415038989200763 3.9492412103732879 1 CAMERA 1 61
62 1 0.88067455774337278 -0.2075815294653236 -0.39886158098882457 -0.14910288789774392 0.60222721529076051 -2.5716936450537662 3.7515597818784627 1 CAMERA 1 62
63 1 0.42343707130130104 -0.071961009785966215 0.82562993523339712 0.36586591774153771 -0.6093133211304349 -2.6294014626117295 4.0676696320704879 1 CAMERA 1 63
64 1 0.9760926346231652 0.15255094293253418 -0.12183913154205729 -0.095533263682762604 0.39484836467915385 -1.1721806783155992 1.975137783835899 1 CAMERA 1 64
65 1 0.85537035455697186 -0.052375104646635015 -0.4425460933318931 -0.26410482811757452 0.63333020698553599 -2.2598372197481202 3.0253897169021942 1 CAMERA 1 65
66 1 0.034857221946574271 0.017807608069257071 0.83412352194195405 0.55018707120048671 -0.27163969225944029 -2.5581530745252476 3.5194844674313925 1 CAMERA 1 66
67 1 0.91324566864869094 -0.20722946425913261 0.31816648598664704 0.14767662317437702 -0.2216435741991612 -2.5170769599155087 3.3944755015882491 1 CAMERA 1 67
68 1 0.62093588238729525 0.30578033349828093 0.34433990457949332 0.63432408729589995 -0.60841304493425252 0.00048442835807283323 1.7458513289875564 1 CAMERA 1 68
69 1 0.39360448398693698 -0.043101196479282067 0.81798296396329195 0.41727888481596948 -0.59301231849611857 -2.5895316773359824 3.8235697510588591 1 CAMERA 1 69
70 1 0.64278289057955362 0.054710222187210486 0.58587073371352272 0.49050222277212796 -0.62594347327842059 -1.857843511645247 2.5138984676145046 1 CAMERA 1 70
71 1 -0.070451766721215697 0.028433030722159764 0.88206449907947782 0.46496271978889042 -0.14129156570672158 -2.6949306662116417 4.063461226971838 1 CAMERA 1 71
72 1 0.11131388198848932 0.01640427363891565 0.82259802910597302 0.55738012342924559 -0.35808471572635708 -2.5119045422913202 3.4225659416438812 1 CAMERA 1 72
73 1 0.59706782360483046 -0.074389340071029916 -0.70076132349906273 -0.38328815216156847 0.52020570861423487 -2.5723725951531571 3.6898359905840352 1 CAMERA 1 73
74 1 0.87890044879336737 -0.20704592983854339 -0.4024204392640951 -0.15074406824350706 0.60394136999361747 -2.572405666253927 3.7566193116065385 1 CAMERA 1 74
75 1 0.54518617628158816 -0.044890389098586794 0.72510586239483132 0.41830416502670253 -0.63088999255903189 -2.4458210703756111 3.3943710988773113 1 CAMERA 1 75
76 1 -0.37718550921804517 -0.080521087561440316 0.59912922571226812 0.70163495992664526 0.26541852876262906 -1.6636442024713634 2.2637504166484597 1 CAMERA 1 76
77 1 0.9744514762543296 -0.1860600896593009 -0.12020399639773233 -0.03710744819769872 0.36169190680027408 -2.4395155927808791 3.2556097605944307 1 CAMERA 1 77
78 1 0.82680274579696067 0.17773296951343912 -0.36675400406372771 -0.38768506754034893 0.63563443470356884 -1.2377252501435883 2.0592374530984121 1 CAMERA 1 78
79 1 0.94003444609283771 -0.12605710272224571 0.27335945798844147 0.16037285849067667 -0.17815208391443252 -2.2896737632720923 2.9436510010128361 1 CAMERA 1 79
80 1 -0.041556160278006959 0.015065119936123278 0.75282307399389681 0.65673704552631917 -0.18334975900055542 -2.2537200458444562 2.8886412986713119 1 CAMERA 1 80
81 1 0.94006735487132376 -0.14643032428936584 -0.28176056305100211 -0.12426791035068584 0.53088621816884307 -2.4005555715614286 3.2384478300846853 1 CAMERA 1 81
82 1 0.88506865647303301 0.28222368397780417 -0.23274935979170411 -0.28780375440144779 0.57241673036214413 -0.57023724052553781 1.8000299267912676 1 CAMERA 1 82
83 1 0.97492211796667605 -0.053607777944197396 0.17361402187897351 0.12849607562203452 -0.047785198592724926 -2.0160472179221154 2.5734730726637887 1 CAMERA 1 83
84 1 0.39680970539729787 0.062594031592040481 0.67693124495577028 0.61675613861087364 -0.59718665199506327 -1.9324442340786987 2.5767515835347172 1 CAMERA 1 84
85 1 0.96093973598988214 -0.21784032301213696 0.15075281045279515 0.080087499687823541 0.0089742940331240893 -2.5026368733265634 3.3340277254314055 1 CAMERA 1 85
86 1 0.20758190102450783 0.066884097588082975 0.64460526562568066 0.73274847211340188 -0.46162971221766147 -1.6535812299579236 2.2877280073734529 1 CAMERA 1 86
87 1 0.87527679826645099 0.16423080679744201 0.30759340952793829 0.33511947560544669 -0.35278516359552908 -1.054140291352444 1.9170299046520973 1 CAMERA 1 87
88 1 0.78217458728254519 0.38536736319701426 -0.2421062357317329 -0.42553434762868603 0.62922398224057219 0.072477557177453536 1.751999332431704 1 CAMERA 1 88
89 1 0.54833173307916816 -0.10004585735871951 0.75612344258269026 0.3429292587410061 -0.63115195431883198 -2.5903943688052307 3.8753746527148234 1 CAMERA 1 89
90 1 0.98972873595839439 -0.070893711242565785 0.096373193480161518 0.078251635784115189 0.07082434407811429 -2.0704740533990336 2.6363251254396296 1 CAMERA 1 90
91 1 0.95936870614652625 -0.031857708104144136 0.22508914190460369 0.16712764671872885 -0.13137621101758887 -1.9453193435790663 2.5027845538726332 1 CAMERA 1 91
92 1 0.40857309075053666 0.15734576805264983 0.51764194021641785 0.73508989961735849 -0.61072366513143295 -0.94333773808208743 1.9202912934008332 1 CAMERA 1 92
93 1 0.72680043936186045 0.10056874300641529 0.49325939285697235 0.4672710355156709 -0.57728214206201323 -1.5187846280857884 2.2182054112858207 1 CAMERA 1 93
94 1 0.86233710268212094 0.18492419668391991 0.31091218256052622 0.35427584952133301 -0.3753647564918603 -0.94040316871746288 1.8726979853617238 1 CAMERA 1 94
95 1 0.99962691962020445 -0.019491187046917331 -0.016381355723593182 0.0098876884447604164 0.2336767893444405 -1.8892346697187428 2.452820047830639 1 CAMERA 1 95
96 1 -0.00042586012909469779 0.02046005726125634 0.93176488951238867 0.36248502779009079 -0.22813547150585572 -2.6958809569368749 4.661830936930266 1 CAMERA 1 96
97 1 0.99802513701295659 -0.052674389106674081 -0.034199939959015477 -0.0012644086790682052 0.25839508363204289 -2.0181023132883236 2.5898033106334943 1 CAMERA 1 97
98 1 0.97901217807203922 -0.048188883962437389 0.15763024105688936 0.11985697206855986 -0.025049518006477447 -1.9932028883114108 2.5474654072353613 1 CAMERA 1 98
99 1 0.55176172038504057 -0.051637038310270666 0.72533188336902221 0.40839475897791727 -0.63136151619755887 -2.4630075282229922 3.4356853063359067 1 CAMERA 1 99
100 1 -0.015655295535151739 0.016404840295840353 0.70846438318890093 0.70538217349841292 -0.21441805321277213 -2.0292786127541187 2.6001597420361153 1 CAMERA 1 100
